0.01
0.01
0.02
0.01
0.02
0.01
0.02
0.01
0.02
0.02
0.01
0.02
0.01
0.02
0.01
0.02
0.01
0.01
0.02
0.01
0.02
0.01
0.02
0.01
0.02
0.02
0.01
0.02
0.01
0.02
0.01
0.02
0.01
0.01
0.02
0.01
0.02
0.01
0.02
0.01
0.02
0.02
0.01
0.02
0.01
0.02
0.01
0.02
0.01
0.01
0.02
0.01
0.02
0.01
0.02
0.01
0.02
0.02
0.01
0.02
0.01
0.02
0.01
0.02
0.01
0.01
0.02
0.01
0.02
0.01
0.02
0.01
0.02
0.02
0.01
0.02
0.01
0.02
0.01
0.02
0.01
0.01
0.02
0.01
0.02
0.01
0.02
0.01
0.02
0.02
0.01
0.02
0.01
0.02
0.01
0.02
0.01
0.01
0.02
0.01
0.02
0.01
0.02
0.01
0.02
0.02
0.01
0.02
0.01
0.02
0.01
0.02
0.01
0.01
0.02
0.01
0.02
0.01
0.02
0.01
0.02
0.02
0.01
0.02
0.01
0.02
0.01
0.02
0.01
0.01
0.02
0.01
0.02
0.01
0.02
0.01
0.02
0.02
0.01
0.02
0.01
0.02
0.01
0.02
0.01
0.01
0.02
0.01
0.02
0.01
0.02
0.01
0.02
0.02
0.01
0.02
0.01
0.02
0.01
0.02
0.01
0.01
0.02
0.01
0.02
0.01
0.02
0.01
0.02
0.02
0.01
0.02
0.01
0.02
0.01
0.02
0.01
0.01
0.02
0.01
0.02
0.01
0.02
0.01
0.02
0.02
0.01
0.02
0.01
0.02
0.01
0.02
0.01
0.01
0.02
0.01
0.02
0.01
0.02
0.01
0.02
0.02
0.01
0.02
0.01
0.02
0.01
0.02
0.01
0.01
0.02
0.01
0.02
0.01
0.02
0.01
0.02
0.02
0.01
0.02
0.01
0.02
0.01
0.02
0.01
0.01
0.02
0.01
0.02
0.01
0.02
0.01
0.02
0.02
0.01
0.02
0.01
0.02
0.01
0.02
0.01
0.01
0.02
0.01
0.02
0.01
0.02
0.01
0.02
0.02
0.01
0.02
0.01
0.02
0.01
0.02
0	74
1	44
2	100
3	85
4	52
5	6
6	99
7	59
8	37
9	35
10	26
11	12
12	31
13	12
14	16
15	88
16	13
17	64
18	59
19	73
20	9
21	5
22	75
23	49
24	90
25	27
26	90
27	26
28	92
29	32
30	4
31	51
32	92
33	53
34	30
35	91
36	76
37	19
38	13
39	24
40	22
41	30
42	13
43	62
44	98
45	52
46	62
47	0
48	74
49	11
50	61
51	11
52	95
53	76
54	91
55	77
56	3
57	86
58	61
59	50
60	39
61	18
62	95
63	87
64	54
65	64
66	27
67	31
68	70
69	16
70	57
71	48
72	6
73	3
74	61
75	68
76	86
77	97
78	90
79	10
80	63
81	1
82	64
83	63
84	74
85	79
86	79
87	56
88	38
89	28
90	44
91	92
92	25
93	19
94	48
95	26
96	14
97	1
98	89
99	87
100	70
101	86
102	67
103	50
104	28
105	51
106	91
107	11
108	24
109	14
110	65
111	5
112	9
113	59
114	22
115	22
116	38
117	95
118	48
119	97
120	82
121	25
122	96
123	3
124	54
125	11
126	25
127	43
128	94
129	20
130	17
131	21
132	87
133	56
134	34
135	32
136	36
137	97
138	9
139	23
140	53
141	97
142	20
143	10
144	95
145	2
146	28
147	88
148	65
149	17
150	17
151	40
152	32
153	66
154	23
155	48
156	7
157	70
158	22
159	99
160	41
161	83
162	50
163	11
164	22
165	19
166	44
167	44
168	19
169	31
170	12
171	70
172	12
173	39
174	40
175	34
176	37
177	62
178	53
179	21
180	22
181	12
182	81
183	33
184	53
185	37
186	92
187	61
188	77
189	64
190	72
191	19
192	33
193	49
194	17
195	8
196	19
197	86
198	7
199	85
200	3
201	13
202	78
203	65
204	82
205	18
206	90
207	99
208	96
209	95
210	17
211	22
212	5
213	15
214	24
215	11
216	2
217	36
218	38
219	67
220	21
221	22
222	49
223	47
224	23
225	62
226	16
227	7
228	62
229	5
230	87
231	30
232	12
233	42
234	42
235	42
236	28
237	20
238	52
239	85
240	32
241	31
242	62
243	93
244	13
245	17
246	23
247	28
248	80
249	82
250	19
251	82
252	36
253	55
254	4
255	30
999.99
