Description    Unit Price    Qty    Amount
Item   0             0. 1    74       0.74
Item   1             0. 1    44       0.44
Item   2             0. 2    100      2. 0
Item   3             0. 1    85       0.85
Item   4             0. 2    52       1. 4
Item   5             0. 1    6        0. 6
Item   6             0. 2    99       1.98
Item   7             0. 1    59       0.59
Item   8             0. 2    37       0.74
Item   9             0. 2    35       0.70
Item  10             0. 1    26       0.26
Item  11             0. 2    12       0.24
Item  12             0. 1    31       0.31
Item  13             0. 2    12       0.24
Item  14             0. 1    16       0.16
Item  15             0. 2    88       1.76
Item  16             0. 1    13       0.13
Item  17             0. 1    64       0.64
Item  18             0. 2    59       1.18
Item  19             0. 1    73       0.73
Item  20             0. 2    9        0.18
Item  21             0. 1    5        0. 5
Item  22             0. 2    75       1.50
Item  23             0. 1    49       0.49
Item  24             0. 2    90       1.80
Item  25             0. 2    27       0.54
Item  26             0. 1    90       0.90
Item  27             0. 2    26       0.52
Item  28             0. 1    92       0.92
Item  29             0. 2    32       0.64
Item  30             0. 1    4        0. 4
Item  31             0. 2    51       1. 2
Item  32             0. 1    92       0.92
Item  33             0. 1    53       0.53
Item  34             0. 2    30       0.60
Item  35             0. 1    91       0.91
Item  36             0. 2    76       1.52
Item  37             0. 1    19       0.19
Item  38             0. 2    13       0.26
Item  39             0. 1    24       0.24
Item  40             0. 2    22       0.44
Item  41             0. 2    30       0.60
Item  42             0. 1    13       0.13
Item  43             0. 2    62       1.24
Item  44             0. 1    98       0.98
Item  45             0. 2    52       1. 4
Item  46             0. 1    62       0.62
Item  47             0. 2    0        0. 0
Item  48             0. 1    74       0.74
Item  49             0. 1    11       0.11
Item  50             0. 2    61       1.22
Item  51             0. 1    11       0.11
Item  52             0. 2    95       1.90
Item  53             0. 1    76       0.76
Item  54             0. 2    91       1.82
Item  55             0. 1    77       0.77
Item  56             0. 2    3        0. 6
Item  57             0. 2    86       1.72
Item  58             0. 1    61       0.61
Item  59             0. 2    50       1. 0
Item  60             0. 1    39       0.39
Item  61             0. 2    18       0.36
Item  62             0. 1    95       0.95
Item  63             0. 2    87       1.74
Item  64             0. 1    54       0.54
Item  65             0. 1    64       0.64
Item  66             0. 2    27       0.54
Item  67             0. 1    31       0.31
Item  68             0. 2    70       1.40
Item  69             0. 1    16       0.16
Item  70             0. 2    57       1.14
Item  71             0. 1    48       0.48
Item  72             0. 2    6        0.12
Item  73             0. 2    3        0. 6
Item  74             0. 1    61       0.61
Item  75             0. 2    68       1.36
Item  76             0. 1    86       0.86
Item  77             0. 2    97       1.94
Item  78             0. 1    90       0.90
Item  79             0. 2    10       0.20
Item  80             0. 1    63       0.63
Item  81             0. 1    1        0. 1
Item  82             0. 2    64       1.28
Item  83             0. 1    63       0.63
Item  84             0. 2    74       1.48
Item  85             0. 1    79       0.79
Item  86             0. 2    79       1.58
Item  87             0. 1    56       0.56
Item  88             0. 2    38       0.76
Item  89             0. 2    28       0.56
Item  90             0. 1    44       0.44
Item  91             0. 2    92       1.84
Item  92             0. 1    25       0.25
Item  93             0. 2    19       0.38
Item  94             0. 1    48       0.48
Item  95             0. 2    26       0.52
Item  96             0. 1    14       0.14
Item  97             0. 1    1        0. 1
Item  98             0. 2    89       1.78
Item  99             0. 1    87       0.87
Item 100             0. 2    70       1.40
Item 101             0. 1    86       0.86
Item 102             0. 2    67       1.34
Item 103             0. 1    50       0.50
Item 104             0. 2    28       0.56
Item 105             0. 2    51       1. 2
Item 106             0. 1    91       0.91
Item 107             0. 2    11       0.22
Item 108             0. 1    24       0.24
Item 109             0. 2    14       0.28
Item 110             0. 1    65       0.65
Item 111             0. 2    5        0.10
Item 112             0. 1    9        0. 9
Item 113             0. 1    59       0.59
Item 114             0. 2    22       0.44
Item 115             0. 1    22       0.22
Item 116             0. 2    38       0.76
Item 117             0. 1    95       0.95
Item 118             0. 2    48       0.96
Item 119             0. 1    97       0.97
Item 120             0. 2    82       1.64
Item 121             0. 2    25       0.50
Item 122             0. 1    96       0.96
Item 123             0. 2    3        0. 6
Item 124             0. 1    54       0.54
Item 125             0. 2    11       0.22
Item 126             0. 1    25       0.25
Item 127             0. 2    43       0.86
Item 128             0. 1    94       0.94
Item 129             0. 1    20       0.20
Item 130             0. 2    17       0.34
Item 131             0. 1    21       0.21
Item 132             0. 2    87       1.74
Item 133             0. 1    56       0.56
Item 134             0. 2    34       0.68
Item 135             0. 1    32       0.32
Item 136             0. 2    36       0.72
Item 137             0. 2    97       1.94
Item 138             0. 1    9        0. 9
Item 139             0. 2    23       0.46
Item 140             0. 1    53       0.53
Item 141             0. 2    97       1.94
Item 142             0. 1    20       0.20
Item 143             0. 2    10       0.20
Item 144             0. 1    95       0.95
Item 145             0. 1    2        0. 2
Item 146             0. 2    28       0.56
Item 147             0. 1    88       0.88
Item 148             0. 2    65       1.30
Item 149             0. 1    17       0.17
Item 150             0. 2    17       0.34
Item 151             0. 1    40       0.40
Item 152             0. 2    32       0.64
Item 153             0. 2    66       1.32
Item 154             0. 1    23       0.23
Item 155             0. 2    48       0.96
Item 156             0. 1    7        0. 7
Item 157             0. 2    70       1.40
Item 158             0. 1    22       0.22
Item 159             0. 2    99       1.98
Item 160             0. 1    41       0.41
Item 161             0. 1    83       0.83
Item 162             0. 2    50       1. 0
Item 163             0. 1    11       0.11
Item 164             0. 2    22       0.44
Item 165             0. 1    19       0.19
Item 166             0. 2    44       0.88
Item 167             0. 1    44       0.44
Item 168             0. 2    19       0.38
Item 169             0. 2    31       0.62
Item 170             0. 1    12       0.12
Item 171             0. 2    70       1.40
Item 172             0. 1    12       0.12
Item 173             0. 2    39       0.78
Item 174             0. 1    40       0.40
Item 175             0. 2    34       0.68
Item 176             0. 1    37       0.37
Item 177             0. 1    62       0.62
Item 178             0. 2    53       1. 6
Item 179             0. 1    21       0.21
Item 180             0. 2    22       0.44
Item 181             0. 1    12       0.12
Item 182             0. 2    81       1.62
Item 183             0. 1    33       0.33
Item 184             0. 2    53       1. 6
Item 185             0. 2    37       0.74
Item 186             0. 1    92       0.92
Item 187             0. 2    61       1.22
Item 188             0. 1    77       0.77
Item 189             0. 2    64       1.28
Item 190             0. 1    72       0.72
Item 191             0. 2    19       0.38
Item 192             0. 1    33       0.33
Item 193             0. 1    49       0.49
Item 194             0. 2    17       0.34
Item 195             0. 1    8        0. 8
Item 196             0. 2    19       0.38
Item 197             0. 1    86       0.86
Item 198             0. 2    7        0.14
Item 199             0. 1    85       0.85
Item 200             0. 2    3        0. 6
Item 201             0. 2    13       0.26
Item 202             0. 1    78       0.78
Item 203             0. 2    65       1.30
Item 204             0. 1    82       0.82
Item 205             0. 2    18       0.36
Item 206             0. 1    90       0.90
Item 207             0. 2    99       1.98
Item 208             0. 1    96       0.96
Item 209             0. 1    95       0.95
Item 210             0. 2    17       0.34
Item 211             0. 1    22       0.22
Item 212             0. 2    5        0.10
Item 213             0. 1    15       0.15
Item 214             0. 2    24       0.48
Item 215             0. 1    11       0.11
Item 216             0. 2    2        0. 4
Item 217             0. 2    36       0.72
Item 218             0. 1    38       0.38
Item 219             0. 2    67       1.34
Item 220             0. 1    21       0.21
Item 221             0. 2    22       0.44
Item 222             0. 1    49       0.49
Item 223             0. 2    47       0.94
Item 224             0. 1    23       0.23
Item 225             0. 1    62       0.62
Item 226             0. 2    16       0.32
Item 227             0. 1    7        0. 7
Item 228             0. 2    62       1.24
Item 229             0. 1    5        0. 5
Item 230             0. 2    87       1.74
Item 231             0. 1    30       0.30
Item 232             0. 2    12       0.24
Item 233             0. 2    42       0.84
Item 234             0. 1    42       0.42
Item 235             0. 2    42       0.84
Item 236             0. 1    28       0.28
Item 237             0. 2    20       0.40
Item 238             0. 1    52       0.52
Item 239             0. 2    85       1.70
Item 240             0. 1    32       0.32
Item 241             0. 1    31       0.31
Item 242             0. 2    62       1.24
Item 243             0. 1    93       0.93
Item 244             0. 2    13       0.26
Item 245             0. 1    17       0.17
Item 246             0. 2    23       0.46
Item 247             0. 1    28       0.28
Item 248             0. 2    80       1.60
Item 249             0. 2    82       1.64
Item 250             0. 1    19       0.19
Item 251             0. 2    82       1.64
Item 252             0. 1    36       0.36
Item 253             0. 2    55       1.10
Item 254             0. 1    4        0. 4
Item 255             0. 2    30       0.60
                             Total: 174.13
                              Paid: 999.99
                            Change: 825.86
